page|86
项目 附注 2021年度 2020年度|||
一、经营活动产生的现金流量：|||
销售商品、提供劳务收到的现金||3,280,455,296.65|2,404,088,205.36
客户存款和同业存放款项净增加额|||
向中央银行借款净增加额|||
向其他金融机构拆入资金净增加额|||
收到原保险合同保费取得的现金|||
收到再保业务现金净额|||
保户储金及投资款净增加额|||
收取利息、手续费及佣金的现金|||
拆入资金净增加额|||
回购业务资金净增加额|||
代理买卖证券收到的现金净额|||
收到的税费返还||2,057,219.01|573,672.00
收到其他与经营活动有关的现金|七、78|4,383,994.40|30,453,889.37
经营活动现金流入小计||3,286,896,510.06|2,435,115,766.73
购买商品、接受劳务支付的现金||2,282,199,202.97|1,862,587,649.24
客户贷款及垫款净增加额|||
存放中央银行和同业款项净增加额|||
支付原保险合同赔付款项的现金|||
拆出资金净增加额|||
支付利息、手续费及佣金的现金|||
支付保单红利的现金|||
支付给职工及为职工支付的现金||159,635,704.97|153,369,753.67
支付的各项税费||136,568,518.76|71,707,576.76
支付其他与经营活动有关的现金|七、78|28,411,457.83|25,137,145.73
经营活动现金流出小计||2,606,814,884.53|2,112,802,125.40
经营活动产生的现金流量净额||680,081,625.53|322,313,641.33
二、投资活动产生的现金流量：|||
收回投资收到的现金||4,000,000.00|17,050,000.00
取得投资收益收到的现金||4,737.49|5,200.55
处置固定资产、无形资产和其他长期资产收回的现金净额||327,000.00|-
处置子公司及其他营业单位收到的现金净额|||
收到其他与投资活动有关的现金|||
投资活动现金流入小计||4,331,737.49|17,055,200.55
购建固定资产、无形资产和其他长期资产支付的现金||441,852,061.17|329,727,617.05
投资支付的现金||9,950,000.00|18,050,000.00
质押贷款净增加额|||
取得子公司及其他营业单位支付的现金净额|||
支付其他与投资活动有关的现金|七、78|114,537.22|113,519.36
投资活动现金流出小计||451,916,598.39|347,891,136.41
投资活动产生的现金流量净额||-447,584,860.90|-330,835,935.86
三、筹资活动产生的现金流量：|||
吸收投资收到的现金||1,950,000.00|-
其中：子公司吸收少数股东投资收到的现金||1,950,000.00|-
取得借款收到的现金||1,010,245,606.43|1,372,004,000.00
收到其他与筹资活动有关的现金|七．78|27,118,209.75|63,503,047.46
筹资活动现金流入小计||1,039,313,816.18|1,435,507,047.46
偿还债务支付的现金||1,039,237,585.63|1,336,187,477.83
分配股利、利润或偿付利息支付的现金||160,900,493.50|73,658,914.07
page|87
其中：子公司支付给少数股东的股利、利润|||
支付其他与筹资活动有关的现金|七、78|6,084,686.72|41,952,565.59
筹资活动现金流出小计||1,206,222,765.85|1,451,798,957.49
筹资活动产生的现金流量净额||-166,908,949.67|-16,291,910.03
四、汇率变动对现金及现金等价物的影响|||
五、现金及现金等价物净增加额||65,587,814.96|-24,814,204.56
加：期初现金及现金等价物余额||120,062,186.08|144,876,390.64
六、期末现金及现金等价物余额||185,650,001.04|120,062,186.08
