page|136
|附注五|2021年|2020年
一、经营活动产生的现金流量|||
销售商品、提供劳务收到的现金||17,668,709|16,488,536
收到其他与经营活动有关的现金|57|824,157|851,362
经营活动现金流入小计||18,492,866|17,339,898
购买商品、接受劳务支付的现金||(712,942 )|(    1,001,480 )
支付给职工以及为职工支付的现金||(    1,020,413 )|(    1,181,724 )
支付的各项税费||(        174,217 )|(          104,937 )
支付其他与经营活动有关的现金|57|(493,107 )|(          605,066 )
经营活动现金流出小计||(2,400,679 )|(2,893,207 )
经营活动产生的现金流量净额|58|16,092,187|14,446,691
二、投资活动产生的现金流量|||
收回融资租赁本金||1,591,737|1,220,178
收回投资收到的现金||56,053|111,341
处置固定资产、无形资产和其他长期资产所|||
收到的现金净额||5,983,685|5,826,951
取得投资收益收到的现金||181|9,894
收到其他与投资活动有关的现金|57|152,823|2,433,090
投资活动现金流入小计||7,784,479|9,601,454
购建固定资产和其他长期资产支付的现金||(24,612,520 )|(15,227,237 )
投资支付的现金||(          182,411 )|(              73,379 )
支付其他与投资活动有关现金|57|(6,809,827 )|(          180,941 )
投资活动现金流出小计||(31,604,758 )|(15,481,557 )
投资活动产生的现金流量净额||(23,820,279 )|(    5,880,103 )
page|137
合并现金流量表(续)|||
2021年度人民币千元|||
|附注五|2021年|2020年
三、筹资活动产生的现金流量|||
取得借款收到的现金||24,364,722|49,451,581
发行债券收到的现金||9,997,965|28,183,755
受限制货币资金的减少||-|315,856
收到的其他与筹资活动有关的现金|57|13,197|36,390
筹资活动现金流入小计||34,375,884|77,987,582
