page|79
一、经营活动产生的现金流量：||
销售商品、提供劳务收到的现金|240,958,459.60|183,536,920.98
客户存款和同业存放款项净增加额||
向中央银行借款净增加额||
向其他金融机构拆入资金净增加额||
收到原保险合同保费取得的现金||
收到再保业务现金净额||
保户储金及投资款净增加额||
收取利息、手续费及佣金的现金||
拆入资金净增加额||
回购业务资金净增加额||
代理买卖证券收到的现金净额||
收到的税费返还|1,349,865.39|763,395.02
收到其他与经营活动有关的现金|313,622,860.46|143,392,252.33
经营活动现金流入小计|555,931,185.45|327,692,568.33
购买商品、接受劳务支付的现金|122,307,007.71|91,019,953.59
客户贷款及垫款净增加额||
存放中央银行和同业款项净增加额||
支付原保险合同赔付款项的现金||
拆出资金净增加额||
支付利息、手续费及佣金的现金||
支付保单红利的现金||
支付给职工以及为职工支付的现金|74,446,201.45|54,044,895.42
支付的各项税费|20,289,842.64|25,468,795.24
支付其他与经营活动有关的现金|60,250,930.02|27,332,479.44
经营活动现金流出小计|277,293,981.82|197,866,123.69
经营活动产生的现金流量净额|278,637,203.63|129,826,444.64
二、投资活动产生的现金流量：||
收回投资收到的现金|10,000,000.00|
取得投资收益收到的现金|24,452,950.01|166,273.94
处置固定资产、无形资产和其他||45,525.00
page|80
长期资产收回的现金净额||
处置子公司及其他营业单位收到的现金净额||
收到其他与投资活动有关的现金|1,180,100,156.00|953,494,465.53
投资活动现金流入小计|1,214,553,106.01|953,706,264.47
购建固定资产、无形资产和其他长期资产支付的现金|274,028,210.16|47,466,433.54
投资支付的现金||
质押贷款净增加额||
取得子公司及其他营业单位支付的现金净额|124,999,124.33|5,599,245.15
支付其他与投资活动有关的现金|626,000,000.00|840,500,000.00
投资活动现金流出小计|1,025,027,334.49|893,565,678.69
投资活动产生的现金流量净额|189,525,771.52|60,140,585.78
三、筹资活动产生的现金流量：||
吸收投资收到的现金|1,000,000.00|
其中：子公司吸收少数股东投资收到的现金|1,000,000.00|
取得借款收到的现金|133,500,000.00|10,000,000.00
收到其他与筹资活动有关的现金|357,000.00|
筹资活动现金流入小计|134,857,000.00|10,000,000.00
偿还债务支付的现金|116,922,128.68|10,000,000.00
分配股利、利润或偿付利息支付的现金|27,347,472.07|19,345,971.66
其中：子公司支付给少数股东的股利、利润||
支付其他与筹资活动有关的现金|33,121,633.46|58,433,002.63
筹资活动现金流出小计|177,391,234.21|87,778,974.29
筹资活动产生的现金流量净额|-42,534,234.21|-77,778,974.29
四、汇率变动对现金及现金等价物的影响|131,095.54|336,249.57
五、现金及现金等价物净增加额|425,759,836.48|112,524,305.70
加：期初现金及现金等价物余额|200,564,547.90|88,040,242.20
六、期末现金及现金等价物余额|626,324,384.38|200,564,547.90
