page|84
一、经营活动产生的现金流量：||
销售商品、提供劳务收到的现金|3,147,630,310.28|4,597,658,504.30
客户存款和同业存放款项净增加额||
向中央银行借款净增加额||
向其他金融机构拆入资金净增加额||
收到原保险合同保费取得的现金||
收到再保业务现金净额||
保户储金及投资款净增加额||
收取利息、手续费及佣金的现金||
拆入资金净增加额||
回购业务资金净增加额||
代理买卖证券收到的现金净额||
收到的税费返还|26,425,597.84|25,707,256.05
收到其他与经营活动有关的现金|130,726,521.73|173,280,396.17
经营活动现金流入小计|3,304,782,429.85|4,796,646,156.52
购买商品、接受劳务支付的现金|2,687,667,546.25|3,265,716,457.32
客户贷款及垫款净增加额||
存放中央银行和同业款项净增加额||
支付原保险合同赔付款项的现金||
拆出资金净增加额||
支付利息、手续费及佣金的现金||
支付保单红利的现金||
支付给职工以及为职工支付的现金|341,667,832.46|321,560,147.76
支付的各项税费|135,436,271.14|118,239,695.26
支付其他与经营活动有关的现金|115,743,671.21|137,068,457.33
经营活动现金流出小计|3,280,515,321.06|3,842,584,757.67
经营活动产生的现金流量净额|24,267,108.79|954,061,398.85
二、投资活动产生的现金流量：||
收回投资收到的现金|14,467,302.17|18,390,110.40
取得投资收益收到的现金|1,558,600.00|
处置固定资产、无形资产和其他长期资产收回的现金净额|71,189,926.00|3,805,812.62
处置子公司及其他营业单位收到的现金净额||
收到其他与投资活动有关的现金||
投资活动现金流入小计|87,215,828.17|22,195,923.02
page|85
购建固定资产、无形资产和其他长期资产支付的现金|203,160,923.02|156,553,784.48
投资支付的现金|4,500,000.00|4,437,000.00
质押贷款净增加额||
取得子公司及其他营业单位支付的现金净额||
支付其他与投资活动有关的现金|2,250,000.00|
投资活动现金流出小计|209,910,923.02|160,990,784.48
投资活动产生的现金流量净额|-122,695,094.85|-138,794,861.46
三、筹资活动产生的现金流量：||
吸收投资收到的现金|598,449,993.47|51,499,997.20
其中：子公司吸收少数股东投资收到的现金|2,450,000.00|
取得借款收到的现金|3,097,650,000.00|4,086,050,000.00
收到其他与筹资活动有关的现金|1,061,968,225.30|200,000,000.00
筹资活动现金流入小计|4,758,068,218.77|4,337,549,997.20
偿还债务支付的现金|2,974,719,383.28|4,003,441,789.48
分配股利、利润或偿付利息支付的现金|234,188,725.76|227,356,301.04
其中：子公司支付给少数股东的股利、利润||
支付其他与筹资活动有关的现金|571,340,510.99|939,146,479.26
筹资活动现金流出小计|3,780,248,620.03|5,169,944,569.78
筹资活动产生的现金流量净额|977,819,598.74|-832,394,572.58
四、汇率变动对现金及现金等价物的影响|-1,685,356.92|-588,466.76
五、现金及现金等价物净增加额|877,706,255.76|-17,716,501.95
加：期初现金及现金等价物余额|653,552,700.02|671,269,201.97
六、期末现金及现金等价物余额|1,531,258,955.78|653,552,700.02
