page|65
一、  经营活动产生的现金流量：|||
销售商品、提供劳务收到的现金||349,425,733.07|576,108,582.83
收到的税费返还||10,562,876.35|-
收到其他与经营活动有关的现金|36|233,975,160.07|173,312,193.52
经营活动现金流入小计||593,963,769.49|749,420,776.35
购买商品、接受劳务支付的现金||405,238,722.38|638,725,141.60
支付给职工以及为职工支付的现金||42,118,777.62|42,239,395.03
支付的各项税费||37,218,887.64|73,280,790.98
支付其他与经营活动有关的现金|36|76,899,908.56|113,295,524.14
经营活动现金流出小计||561,476,296.20|867,540,851.75
经营活动产生的现金流量净额|36|32,487,473.29|(118,120,075.40 )
二、  投资活动产生的现金流量：|||
处置固定资产、无形资产和其他长期资|||
产收回的现金净额||1,267.00|1,180.00
收到其他与投资活动有关的现金|36|-|186,172,963.00
投资活动现金流入小计||1,267.00|186,174,143.00
购建固定资产、无形资产和其他长期资|||
产支付的现金||344,427.58|2,169,369.21
投资活动现金流出小计||344,427.58|2,169,369.21
投资活动产生的现金流量净额||(343,160.58 )|184,004,773.79
page|66
三、  筹资活动产生的现金流量：|||
取得借款收到的现金||30,000,000.00|-
筹资活动现金流入小计||30,000,000.00|-
偿还债务支付的现金||55,000,000.00|25,000,000.00
分配股利、利润或偿付利息支付的现金||27,665,570.63|9,663,284.53
其中：子公司支付给少数股东的股利、|||
利润||10,830,000.00|2,400,000.00
支付其他与筹资活动有关的现金|36|30,000,000.00|-
筹资活动现金流出小计||112,665,570.63|34,663,284.53
筹资活动使用的现金流量净额||(82,665,570.63 )|(34,663,284.53 )
四、  汇率变动对现金及现金等价物的影响||125.36|305.52
五、  现金及现金等价物净（减少）/增加额||(50,521,132.56 )|31,221,719.38
加：年初现金及现金等价物余额||154,229,902.61|123,008,183.23
