page|75
项    目|附注|2019 年 12 月 31 日||2018 年 12 月 31 日|
||合并|公司|合并|公司
流动资产：    货币资金    交易性金融资产    应收票据    应收账款 应收款项融资    预付款项    其他应收款 其中：应收利息 应收股利    存货    合同资产    持有待售的资产    一年内到期的非流动资产    其他流动资产 流动资产合计 非流动资产: 债权投资    其他债权投资    长期应收款    长期股权投资    其他权益工具投资    其他非流动金融资产    固定资产    在建工程    生产性生物资产    油气资产    使用权资产    无形资产    开发支出    商誉    长期待摊费用    递延所得税资产    其他非流动资产 非流动资产合计 资  产  总  计|五、1  五、2 五、3 五、4 五、5 五、6 十五、1   五、7 五、8  五、9 五、10     五、11 五、12 十五、2 五、13  五、14 五、15   五、16 五、17   五、18 五、19|1,668,837  500 11,996,355 1,446,389 553,726 2,365,418   1,185,504 9,570,249   1,742,338 30,529,316     39,718 32,847  23,516,427 213,819   1,547,822 392,947   5,379,478 417,004  31,540,062 62,069,378|170       4,399,759       83 4,400,012      27,891,662               27,891,662 32,291,674|2,203,441   481,196 15,630,004  444,749 1,712,575  188 1,411,638 8,871,704  40,477 1,218,035 32,013,819     232,823 39,011   23,842,767 365,414   —— 237,275   3,681,168 492,438  28,890,896 60,904,715|58,679       4,357,230        4,415,909       27,891,662        ——       27,891,662 32,307,571
page|76
项    目|附注|2019 年 12 月 31 日||2018 年 12 月 31 日|
||合并|公司|合并|公司
流动负债：    短期借款    交易性金融负债    应付票据    应付账款    预收款项    合同负债    应付职工薪酬    应交税费    其他应付款    一年内到期的非流动负债    其他流动负债 流动负债合计 非流动负债:    长期借款    应付债券    租赁负债    长期应付款    预计负债    递延收益    递延所得税负债    其他非流动负债 非流动负债合计 负  债  合  计 股东权益：    股本    资本公积    减：库存股    其他综合收益    专项储备    盈余公积    未分配利润    归属于母公司股东权益合计    少数股东权益 股东权益合计 负债和股东权益合计|五、20  五、21 五、22  五、23 五、24 五、25 五、26 五、27    五、28  五、29 五、30 五、31 五、32 五、19     五、33 五、34  五、35 五、36 五、37 五、38|20,403,075 4,733,932 20,068,294  3,575,654 421,938 843,715 1,770,597 535,475  52,352,680  474,382  1,134,746 784,377 449,256 92,211 17,854  2,952,826 55,305,506  18,984,340 11,714,581  6,447 373,238 200,383 -24,515,117 6,763,872  6,763,872 62,069,378|11,800    26,531 8   38,339            38,339   18,984,340 14,564,824    200,383 -1,496,212 32,253,335  32,253,335 32,291,674|17,606,082   3,797,742 23,261,762  4,390,293 510,507 1,053,477 2,186,009 156,559 917 52,963,348   536,291  —— 868,672 595,742 139,594 22,658  2,162,957 55,126,305   18,984,340 11,710,763  11,676 300,609 200,383 -25,429,361 5,778,410  5,778,410 60,904,715|1,535    26,371    27,906     ——       27,906   18,984,340 14,561,006    200,383 -1,466,064 32,279,665  32,279,665 32,307,571
page|77
项           目|附注|本期金额||上期金额|
||合并|公司|合并|公司
一、营业收入      减：营业成本          税金及附加          销售费用          管理费用          研发费用          财务费用            其中：利息费用                  利息收入      加：其他收益          投资收益（损失以“-”号填列）                         其中：对联营企业和合营企业的投资收益 以摊余成本计量的金融资产终止 确认收益（损失以“-”号填列）          信用减值损失（损失以“-”号填列）          资产减值损失（损失以“-”号填列）          资产处置收益(损失以“-”号填列） 二、营业利润（亏损以“-”号填列）       加：营业外收入       减：营业外支出 三、利润总额（亏损总额以“-”号填列）       减：所得税费用 四、净利润（净亏损以“-”号填列）   （一）按经营持续性分类     其中：持续经营净利润（净亏损以“-”号填列）   （二）按所有权归属分类   其中：归属于母公司股东的净利润（净亏损以“-”号填列）          少数股东损益（净亏损以“-”号填列） 五、其他综合收益的税后净额 归属于母公司股东的其他综合收益的税后净额    （一）不能重分类进损益的其他综合收益 1、其他权益工具投资公允价值变动    （二）将重分类进损益的其他综合收益 归属于少数股东的其他综合收益的税后净额 六、综合收益总额       归属于母公司股东的综合收益总额       归属于少数股东的综合收益总额 七、每股收益 ㈠ 基本每股收益 ㈡ 稀释每股收益|五、39 五、39 五、40 五、41 五、42 五、43 五、44   五、45 五、46 五、46 五、46 五、47  五、48   五、49 五、50   五、51          五、35       十六、2 十六、2|69,870,147 63,695,235 286,062 63,787 2,965,864 1,194,198 945,344 980,463 103,499 370,829 204,951  13,899 154,539 -111,239  67,044 1,251,242 162,862 58,336 1,355,768 441,524 914,244  914,244  914,244  -5,229 -5,229 -5,229 -5,229   909,015 909,015   0.048 0.048|34,359  -4,211  4,211        -30,148   -30,148  -30,148  -30,148  -30,148        -30,148 -30,148|58,409,078 53,320,296 286,719 64,249 3,239,084 928,586 441,190 662,443 87,886 733,308 27,083 26,483 -37,068 1 852,278 458,857 795,498 515,637 373,581 142,056 142,056 142,056 11,676 11,676 11,676 11,676 153,732 153,732 0.008 0.008|9,835  -39,921  1,302          30,086   30,086  30,086   30,086   30,086           30,086 30,086
page|78
项       目|附注|本期金额||上期金额|
||合并|公司|合并|公司
一、经营活动产生的现金流量：      销售商品、提供劳务收到的现金      收到的税费返还      收到其他与经营活动有关的现金        经营活动现金流入小计      购买商品、接受劳务支付的现金      支付给职工以及为职工支付的现金      支付的各项税费      支付其他与经营活动有关的现金        经营活动现金流出小计         经营活动产生的现金流量净额 二、投资活动产生的现金流量：      收回投资收到的现金      取得投资收益收到的现金      处置固定资产、无形资产和其他长期资产收回的现金净额      收到其他与投资活动有关的现金        投资活动现金流入小计      购置固定资产、无形资产和其他长期资产支付的现金       投资支付的现金         取得子公司及其他营业单位支付的现金净额      支付其他与投资活动有关的现金        投资活动现金流出小计         投资活动产生的现金流量净额 三、筹资活动产生的现金流量：      吸收投资收到的现金      取得借款收到的现金      收到其他与筹资活动有关的现金        筹资活动现金流入小计      偿还债务支付的现金      分配股利、利润或偿付利息支付的现金      支付其他与筹资活动有关的现金        筹资活动现金流出小计         筹资活动产生的现金流量净额 四、汇率变动对现金及现金等价物的影响 五、现金及现金等价物净增加额      加：期初现金及现金等价物余额 六、期末现金及现金等价物余额|五、52         五、52   五、53                             五、52       五、52      五、53 五、53 五、53|65,122,758 331,262 3,661,508 69,115,528 47,732,202 15,638,635 1,860,359 2,507,279 67,738,475 1,377,053  2,368 167,338  169,706 3,208,997  139,466  3,348,463 -3,178,757  38,367,042 4,211 38,371,253 35,715,939 855,364 550,324 37,121,627 1,249,626 29,230  -522,848 2,173,580 1,650,732|1,015,471 1,015,471    1,078,191 1,078,191 -62,720                   4,211 4,211     4,211  -58,509 58,679 170|57,450,008 375,483 2,612,319 60,437,810 43,257,951 14,701,830 1,615,629 3,802,189 63,377,599 -2,939,789  1,306 104,024  105,330 1,272,413  7,388  1,279,801 -1,174,471  7,639,698 35,585,650 500,520 43,725,868 35,608,897 613,895 3,884,291 40,107,083 3,618,785 135,618 -359,857 2,533,437 2,173,580|1,132,440 1,132,440    192,117 192,117 940,323         7,719,955   7,719,955 7,719,955    7,639,698  520 7,640,218   1,120,892 1,120,892 6,519,326 82,240 -178,066 236,745 58,679
page|79
项   目|本期金额||||||||
|归属于母公司股东权益|||||||少数股东 权益|股东（或所有者）权益合计
|股本|资本公积|减：库存股|其他综合收益|专项储备|盈余公积|未分配利润||
一、上年年末余额    加：会计政策变更        前期差错更正        其他 二、本年年初余额 三、本年增减变动金额（减少以“-”号填列） （一）综合收益总额 （二）股东投入和减少资本   1．股东投入的普通股   2．股份支付计入股东权益的金额   3．其他 （三）利润分配   1．提取盈余公积   2．对股东的分配 （四）股东权益内部结转 （五）专项储备   1．本期提取   2．本期使用（以负号填列） （六）其他 四、本年年末余额|18,984,340    18,984,340               18,984,340|11,710,763    11,710,763 3,818  3,818  3,818          11,714,581||11,676    11,676 -5,229 -5,229             6,447|300,609    300,609 72,629          72,629 1,437,814 -1,365,185  373,238|200,383    200,383               200,383|-25,429,361    -25,429,361 914,244 914,244             -24,515,117||5,778,410    5,778,410 985,462 909,015 3,818  3,818      72,629 1,437,814 -1,365,185  6,763,872
