page|95
项目|附注|2021 年度 合并|2020 年度 合并|2021 年度 公司|2020 年度 公司
一、经营活动产生的现金流量|||||
销售商品和提供劳务收到的现金||477,013,328,367.03|429,902,275,794.45|414,303,127,439.21|388,408,568,189.92
收到的税费返还||381,481,210.30|1,528,381,210.60|243,042,373.42|1,441,746,847.45
收到其他与经营活动有关的现金|五(55)(a)|23,337,788,069.13|20,817,324,144.99|19,948,743,854.26|16,559,099,884.53
经营活动现金流入小计||500,732,597,646.46|452,247,981,150.04|434,494,913,666.89|406,409,414,921.90
购买商品和接受劳务支付的现金||(197,887,627,116.13)|(165,975,940,715.66)|(147,360,865,476.33)|(138,538,053,395.36)
支付给职工以及为职工支付的现金||(73,794,311,424.90)|(63,853,610,931.05)|(69,258,565,124.98)|(60,497,431,080.65)
支付的各项税费||(8,666,608,500.99)|(5,285,415,533.39)|(8,434,618,405.93)|(3,829,152,751.86)
支付其他与经营活动有关的现金|五(55)(b)|(81,189,213,443.27)|(81,953,318,205.67)|(74,595,855,258.30)|(68,809,645,815.92)
经营活动现金流出小计||(361,537,760,485.29)|(317,068,285,385.77)|(299,649,904,265.54)|(271,674,283,043.79)
|经营活动产生的现金流量净额  五(56)(a)|139,194,837,161.17|135,179,695,764.27|134,845,009,401.35|134,735,131,878.11
|||||
二、投资活动产生的现金流量|||||
收回投资收到的现金||52,168,439.69|47,280,446.97|460,322,784.85|42,600,000.00
取得投资收益收到的现金||860,026,783.00|602,207,155.19|1,080,744,614.65|651,074,009.11
处置固定资产、无形资产和其他长期资产收回的现金净额||1,718,411,716.65|887,601,359.74|1,616,268,261.02|883,415,687.95
处置子公司及其他营业单位收回的现金净额|六(1)|3,764,450,399.88|-|4,085,301,861.69|-
收到其他与投资活动有关的现金|五(55)(c)|11,020,219,571.21|5,694,883,168.59|10,757,794,039.00|5,365,454,690.00
投资活动现金流入小计||17,415,276,910.43|7,231,972,130.49|18,000,431,561.21|6,942,544,387.06
购建固定资产、无形资产和其他长期资产支付的现金||(85,174,370,322.63)|(88,966,977,934.59)|(80,604,999,610.26)|(87,274,303,026.13)
投资支付的现金||(417,211,399.05)|(74,000,000.00)|(6,982,000,000.00)|(480,000.00)
支付其他与投资活动有关的现金|五(55)(d)|(11,250,703,745.77)|(4,664,143,210.99)|(9,165,131,198.00)|(4,588,027,879.00)
投资活动现金流出小计||(96,842,285,467.45)|(93,705,121,145.58)|(96,752,130,808.26)|(91,862,810,905.13)
投资活动使用的现金流量净额||(79,427,008,557.02)|(86,473,149,015.09)|(78,751,699,247.05)|(84,920,266,518.07)
|||||
三、筹资活动产生的现金流量|||||
吸收投资所收到的现金||47,615,284,595.45|-|47,516,017,995.45|-
其中：子公司吸收少数股东投资收到的现金||99,266,600.00|-|-|-
取得借款收到的现金||38,922,238,609.81|81,049,337,047.69|66,094,128,935.17|112,928,909,268.06
收到其他与筹资活动有关的现金|五(55)(e)|3,189,573,231.49|6,705,654,279.41|-|-
筹资活动现金流入小计||89,727,096,436.75|87,754,991,327.10|113,610,146,930.62|112,928,909,268.06
偿还债务支付的现金||(74,485,605,454.88)|(106,982,026,668.71)|(105,564,546,781.90)|(131,320,370,862.40)
分配股利、利润或偿付利息支付的现金||(11,073,439,630.57)|(12,828,738,409.34)|(11,708,728,572.35)|(13,318,756,794.53)
其中：子公司支付给少数股东的股利、利润||(113,202,355.41)|(42,653,202.25)|-|-
支付其他与筹资活动有关的现金|五(55)(f)|(14,211,467,026.07)|(13,574,729,703.32)|(13,604,020,341.18)|(12,364,744,191.49)
筹资活动现金流出小计||(99,770,512,111.52)|(133,385,494,781.37)|(130,877,295,695.43)|(157,003,871,848.42)
筹资活动使用的现金流量净额||(10,043,415,674.77)|(45,630,503,454.27)|(17,267,148,764.81)|(44,074,962,580.36)
|||||
四、汇率变动对现金及现金等价物的影响||(127,200,134.05)|(183,420,568.75)|(117,558,528.83)|(17,797,133.41)
|||||
五、现金及现金等价物净增加额|五(56)(c)|49,597,212,795.33|2,892,622,726.16|38,708,602,860.66|5,722,105,646.27
加：年初现金及现金等价物余额|五(56)(c)|23,683,895,202.94|20,791,272,476.78|12,103,778,452.90|6,381,672,806.63
|||||
六、年末现金及现金等价物余额|五(56)(c)|73,281,107,998.27|23,683,895,202.94|50,812,381,313.56|12,103,778,452.90
page|96
项目|附注|归属于母公司的股东权益|||||||少数股东权益|股东权益合计
||股本|资本公积|其他综合收益|盈余公积|一般风险准备|未分配利润|小计||
2020 年 1 月 1 日余额|||80,932,368,321.00  30,254,097,241.47|24,739,395.77|78,043,193,638.65|23,027,745.70|163,239,482,449.68|352,516,908,792.27|2,529,984,278.15|355,046,893,070.42
||||||||||
本年增减变动金额||-|(35,872,524.74)|(605,580,810.00)|1,811,213,954.35|33,254,250.96|9,743,717,120.06|10,946,731,990.63|188,967,038.04|11,135,699,028.67
（一）综合收益总额||-|-|(605,580,810.00)|-|-|20,855,178,309.81|20,249,597,499.81|235,529,784.98|20,485,127,284.79
（二）股东投入和减少资本||-|(35,872,524.74)|-|-|-|-|(35,872,524.74)|(893,024.81)|(36,765,549.55)
1、购买少数股东权益|五(35)|-|413,024.81|-|-|-|-|413,024.81|(893,024.81)|(480,000.00)
|2、联营企业所有者权益的其他变动  五(35)|-|(36,285,549.55)|-|-|-|-|(36,285,549.55)|-|(36,285,549.55)
（三）利润分配||-|-|-|1,811,213,954.35|33,254,250.96|(11,111,461,189.75)|(9,266,992,984.44)|(45,669,722.13)|(9,312,662,706.57)
1、提取盈余公积|五(37)|-|-|-|1,811,213,954.35|-|(1,811,213,954.35)|-|-|-
2、提取一般风险准备||-|-|-|-|33,254,250.96|(33,254,250.96)|-|-|-
3、对股东的分配|五(38)|-|-|-|-|-|(9,261,981,163.02)|(9,261,981,163.02)|(42,253,202.25)|(9,304,234,365.27)
4、其他||-|-|-|-|-|(5,011,821.42)|(5,011,821.42)|(3,416,519.88)|(8,428,341.30)
||||||||||
2020 年 12 月 31 日余额|||80,932,368,321.00  30,218,224,716.73||(580,841,414.23)  79,854,407,593.00|56,281,996.66|172,983,199,569.74|363,463,640,782.90|2,718,951,316.19|366,182,592,099.09
||||||||||
2021 年 1 月 1 日余额|||80,932,368,321.00  30,218,224,716.73||(580,841,414.23)  79,854,407,593.00|56,281,996.66|172,983,199,569.74|363,463,640,782.90|2,718,951,316.19|366,182,592,099.09
||||||||||
本年增减变动金额|||10,574,770,378.00  37,361,478,570.06|(256,492,624.13)|2,423,382,432.97|40,920,731.34|15,073,645,187.90|65,217,704,676.14|(224,585,987.77)|64,993,118,688.37
（一）综合收益总额||-|-|(228,023,041.23)|-|-|25,951,975,087.64|25,723,952,046.41|202,316,847.64|25,926,268,894.05
（二）股东投入和减少资本|||10,574,770,378.00  37,361,478,570.06|-|-|-|-|47,936,248,948.06|614,124,668.63|48,550,373,616.69
1、股东投入资本|五(34)||10,574,770,378.00  37,404,059,550.62|-|-|-|-|47,978,829,928.62|614,124,668.63|48,592,954,597.25
|2、联营企业所有者权益的其他变动  五(35)|-|(42,580,980.56)|-|-|-|-|(42,580,980.56)|-|(42,580,980.56)
（三）利润分配||-|-|-|2,423,382,432.97|44,393,377.33|(10,910,272,128.63)|(8,442,496,318.33)|(118,907,481.30)|(8,561,403,799.63)
1、提取盈余公积|五(37)|-|-|-|2,423,382,432.97|-|(2,423,382,432.97)|-|-|-
2、提取一般风险准备||-|-|-|-|44,393,377.33|(44,393,377.33)|-|-|-
3、对股东的分配|五(38)|-|-|-|-|-|(8,438,737,112.47)|(8,438,737,112.47)|(116,353,533.01)|(8,555,090,645.48)
4、其他||-|-|-|-|-|(3,759,205.86)|(3,759,205.86)|(2,553,948.29)|(6,313,154.15)
（四）处置子公司|六(1)|-|-|(28,469,582.90)|-|(3,472,645.99)|31,942,228.89|-|(922,120,022.74)|(922,120,022.74)
||||||||||
2021 年 12 月 31 日余额|||91,507,138,699.00  67,579,703,286.79||(837,334,038.36)  82,277,790,025.97|97,202,728.00|188,056,844,757.64|428,681,345,459.04|2,494,365,328.42|431,175,710,787.46
