page|93
销售商品、提供劳务收到的现金||3,449,071,747.45|3,278,046,059.02
收到其他与经营活动有关的现金|七、78|338,706,331.00|337,629,158.68
经营活动现金流入小计||3,787,778,078.45|3,615,675,217.70
购买商品、接受劳务支付的现金||1,226,135,347.82|1,097,391,427.74
支付给职工及为职工支付的现金||875,666,002.58|794,529,644.75
支付的各项税费||36,900,699.06|35,670,507.44
支付其他与经营活动有关的现金|七、78|423,001,362.64|498,755,850.53
经营活动现金流出小计||2,561,703,412.10|2,426,347,430.46
经营活动产生的现金流量净额||1,226,074,666.35|1,189,327,787.24
page|94
吸收投资收到的现金|||
其中：子公司吸收少数股东投资收到的现金|||
取得借款收到的现金|||
收到其他与筹资活动有关的现金|||
筹资活动现金流入小计|||
偿还债务支付的现金|||
分配股利、利润或偿付利息支付的现金||711,324,320.54|675,518,365.42
其中：子公司支付给少数股东的股利、利润|||
支付其他与筹资活动有关的现金|七、78|970,500.00|
筹资活动现金流出小计||712,294,820.54|675,518,365.42
筹资活动产生的现金流量净额||-712,294,820.54|-675,518,365.42
四、汇率变动对现金及现金等价物的影响|||
五、现金及现金等价物净增加额||36,309,318.06|622,724,872.92
加：期初现金及现金等价物余额||1,642,854,125.84|1,020,129,252.92
六、期末现金及现金等价物余额||1,679,163,443.90|1,642,854,125.84
