page|108
|合并利润表||
|2021年1-12月||
编制单位：深圳市中金岭南有色金属股份有限公司|||金额单位：人民币元
项        目|附注|2021年度|2020年度
一、营业总收入||44,499,554,899.98|30,252,782,680.13
其中：营业收入|六、51|44,449,218,923.89|30,226,130,783.30
利息收入*|六、51|10,333,526.97|12,919,219.75
已赚保费*|||
手续费及佣金收入*|六、51|40,002,449.12|13,732,677.08
二、营业总成本||43,284,623,085.31|29,528,586,892.64
其中：营业成本|六、51|41,800,169,686.88|28,233,219,781.71
利息支出*|六、51|404,147.87|2,554,356.79
手续费及佣金支出*|六、51|26,644,088.41|9,264,532.68
退保金*|||
赔付支出净额*|||
提取保险责任合同准备金净额*|||
保单红利支出*|||
分保费用*|||
税金及附加|六、52|261,764,255.53|177,288,222.09
销售费用|六、53|148,618,948.23|133,565,323.06
管理费用|六、54|532,779,680.07|507,880,351.32
研发费用|六、55|355,243,539.09|314,374,802.05
财务费用|六、56|158,998,739.23|150,439,522.94
其中：利息费用||161,331,031.27|165,128,521.71
利息收入||28,038,603.64|29,336,664.91
加：其他收益|六、57|35,454,355.97|51,800,545.61
投资收益（损失以“－”号填列）|六、58|318,432,014.11|188,114,902.25
其中：对联营企业和合营企业的投资收益||24,263,453.96|58,028,215.41
以摊余成本计量的金融资产终止确认收益|||
汇兑收益*（损失以“－”号填列）|六、59|-32,473.02|-170,472.09
净敞口套期收益（损失以“－”号填列）|||
公允价值变动收益（损失以“－”号填列）|六、60|-28,151,006.17|-69,656,617.29
信用减值损失（损失以“－”号填列）|六、61|-13,431,388.09|-9,590,426.49
资产减值损失 （损失以“－”号填列）|六、62|-22,701,379.67|-9,462,594.92
资产处置收益（损失以“－”号填列）|六、63|6,607,984.69|2,986,899.55
三、营业利润（亏损以“－”号填列）||1,511,109,922.49|878,218,024.11
加：营业外收入|六、64|3,166,398.81|404,073,141.12
减：营业外支出|六、65|25,318,426.46|34,731,786.48
四、利润总额（亏损总额以“－”号填列）||1,488,957,894.84|1,247,559,378.75
减：所得税费用|六、66|267,845,279.71|147,716,228.73
五、净利润（净亏损以“－”号填列）||1,221,112,615.13|1,099,843,150.02
（一）按经营持续性分类|||
1、持续经营净利润（净亏损以“－”号填列）||1,221,112,615.13|1,099,843,150.02
2、终止经营净利润（净亏损以“－”号填列）|||
（二）按所有权归属分类|||
1、归属于母公司股东的净利润（净亏损以“－”号填列）||1,171,686,790.09|995,096,765.96
2、少数股东损益（净亏损以“－”号填列）||49,425,825.04|104,746,384.06
六、其他综合收益的税后净额||-226,172,353.80|-112,505,138.47
（一）归属母公司股东的其他综合收益的税后净额||-225,861,662.59|-112,818,865.73
1、不能重分类进损益的其他综合收益||-21,194,755.91|-7,212,118.16
（1）重新计量设定受益计划变动额||-21,194,755.91|-10,633,451.14
（2）权益法下不能转损益的其他综合收益|||
（3）其他权益工具投资公允价值变动|||3,421,332.98
（4）企业自身信用风险公允价值变动|||
（5）其他|||
2、将重分类进损益的其他综合收益||-204,666,906.68|-105,606,747.57
（1）权益法下可转损益的其他综合收益||-1,447,891.82|
（2）其他债权投资公允价值变动|||537,156.85
（3）金融资产重分类计入其他综合收益的金额|||
（4）其他债权投资信用减值准备|||
（5）现金流量套期储备||-12,968,572.71|-22,625,969.71
（6）外币财务报表折算差额||-190,250,442.15|-83,517,934.71
（7）其他|||
（二）归属于少数股东的其他综合收益的税后净额||-310,691.21|313,727.26
七、综合收益总额||994,940,261.33|987,338,011.55
（一）归属于母公司股东的综合收益总额||945,825,127.50|882,277,900.23
（二）归属于少数股东的综合收益总额||49,115,133.83|105,060,111.32
八、每股收益：|||
（一）基本每股收益（元/股）||0.33|0.28
（二）稀释每股收益（元/股）||0.27|0.26
|法定代表人：                                           主管会计工作负责人：                                      会计机构负责人：||
