page|156
合并现金流量表||||
2019年度||||人民币元
||附注五|2019年|2018年
一|、 经营活动产生的现金流量|||
|销售商品、提供劳务收到的现金||30,036,503,137.74|27,162,426,706.47
|收到的税费返还||257,637,175.42|279,452,735.71
|收到的其他与经营活动有关的现金|61|660,417,416.58|559,028,247.20
|经营活动现金流入小计||30,954,557,729.74|28,000,907,689.38
|购买商品、接受劳务支付的现金||10,969,109,066.59|10,441,784,030.19
|支付给职工以及为职工支付的现金||4,764,941,669.64|3,914,389,008.73
|支付的各项税费||2,532,767,613.68|2,690,049,707.42
|支付的其他与经营活动有关的现金|61|9,465,326,808.58|8,004,579,729.64
|经营活动现金流出小计||27,732,145,158.49|25,050,802,475.98
|经营活动产生的现金流量净额|62|3,222,412,571.25|2,950,105,213.40
二|、 投资活动产生的现金流量|||
|收回投资所收到的现金||4,348,052,068.04|703,276,474.60
|取得投资收益收到的现金||568,121,277.36|540,083,791.55
|处置固定资产、无形资产和其他|||
|长期资产收回的现金净额||33,979,886.85|29,178,550.46
|处置子公司及其他营业单位|||
|收到的现金净额|62|3,882,639.76|20,295,864.28
|收到的其他与投资活动有关的现金|61|1,574,942,423.24|235,669,221.93
|投资活动现金流入小计||6,528,978,295.25|1,528,503,902.82
|购建固定资产、无形资产和其他|||
|长期资产支付的现金||3,962,059,148.30|3,174,911,004.97
|投资支付的现金||517,916,009.62|2,133,376,777.53
|取得子公司及其他营业单位|||
|支付的现金净额|62|822,665,133.95|642,884,765.08
|支付的其他与投资活动有关的现金|61|1,398,300,771.87|822,246,170.43
|投资活动现金流出小计||6,700,941,063.74|6,773,418,718.01
page|157
合并现金流量表(续)||
2019年度||人民币元
附注五|2019年|2018年
三、 筹资活动产生的现金流量||
吸收投资收到的现金|3,190,488,550.41|4,851,374,281.00
其中：子公司吸收少数股东投资||
收到的现金|3,190,488,550.41|2,626,799,804.11
取得借款所收到的现金|11,501,274,638.69|12,385,633,528.99
收到其他与筹资活动有关的现金 61|62,224,750.06|184,253,910.40
筹资活动现金流入小计|14,753,987,939.16|17,421,261,720.39
偿还债务支付的现金|13,942,058,070.66|9,995,121,130.30
分配股利、利润或偿付利息支付的现金|2,117,669,857.68|1,980,548,728.38
其中：子公司支付给少数股东||
的股利、利润|253,227,078.97|205,014,777.85
支付其他与筹资活动有关的现金 61|630,238,303.05|2,308,057,541.28
筹资活动现金流出小计|16,689,966,231.39|14,283,727,399.96
筹资活动(使用)/产生的现金流量净额|(1,935,978,292.23)|3,137,534,320.43
四、 汇率变动对现金及现金等价物的影响|(5,105,465.86)|(18,038,964.12)
五、 现金及现金等价物净增加额|1,109,366,044.67|824,685,754.52
加：年初现金及现金等价物余额|7,175,005,107.37|6,350,319,352.85
六、 年末现金及现金等价物余额 62|8,284,371,152.04|7,175,005,107.37
