page|110
一、经营活动产生的现金流量：||
销售商品、提供劳务收到的现金|3,002,501,177.72|3,057,308,468.03
客户存款和同业存放款项净增加额||
向中央银行借款净增加额||
向其他金融机构拆入资金净增加额||
收到原保险合同保费取得的现金||
收到再保业务现金净额||
保户储金及投资款净增加额||
收取利息、手续费及佣金的现金||
拆入资金净增加额||
回购业务资金净增加额||
代理买卖证券收到的现金净额||
收到的税费返还|6,105,169.50|12,125,676.26
收到其他与经营活动有关的现金|231,936,570.62|164,366,790.25
经营活动现金流入小计|3,240,542,917.84|3,233,800,934.54
购买商品、接受劳务支付的现金|2,006,369,229.52|2,265,583,235.56
客户贷款及垫款净增加额||
存放中央银行和同业款项净增加额||
支付原保险合同赔付款项的现金||
拆出资金净增加额||
支付利息、手续费及佣金的现金||
支付保单红利的现金||
支付给职工以及为职工支付的现金|469,264,263.37|403,582,128.84
支付的各项税费|59,132,155.64|74,577,650.27
支付其他与经营活动有关的现金|614,796,797.85|504,461,320.05
经营活动现金流出小计|3,149,562,446.38|3,248,204,334.72
经营活动产生的现金流量净额|90,980,471.46|-14,403,400.18
二、投资活动产生的现金流量：||
收回投资收到的现金|303,953,291.15|124,776,431.45
取得投资收益收到的现金|7,649,685.63|3,696,667.04
处置固定资产、无形资产和其他长期资产收回的现金净额|4,157,097.64|10,090,068.83
处置子公司及其他营业单位收到的现金净额||156,826,068.85
收到其他与投资活动有关的现金|14,638,002.90|1,679,230,920.74
page|111
投资活动现金流入小计|330,398,077.32|1,974,620,156.91
购建固定资产、无形资产和其他长期资产支付的现金|336,241,320.22|604,743,117.93
投资支付的现金|70,800,000.00|358,401,938.24
质押贷款净增加额||
取得子公司及其他营业单位支付的现金净额|113,373,000.00|247,858,971.89
支付其他与投资活动有关的现金|97,969,869.63|
投资活动现金流出小计|618,384,189.85|1,211,004,028.06
投资活动产生的现金流量净额|-287,986,112.53|763,616,128.85
三、筹资活动产生的现金流量：||
吸收投资收到的现金|19,651,800.00|42,395,434.00
其中：子公司吸收少数股东投资收到的现金|19,651,800.00|42,395,434.00
取得借款收到的现金|4,627,100,000.00|3,832,100,000.00
收到其他与筹资活动有关的现金|92,998,128.33|
筹资活动现金流入小计|4,739,749,928.33|3,874,495,434.00
偿还债务支付的现金|3,804,100,000.00|2,664,100,000.00
分配股利、利润或偿付利息支付的现金|582,527,780.74|483,262,280.23
其中：子公司支付给少数股东的股利、利润|47,779,237.86|55,996,773.66
支付其他与筹资活动有关的现金|294,852,696.49|367,688,095.67
筹资活动现金流出小计|4,681,480,477.23|3,515,050,375.90
筹资活动产生的现金流量净额|58,269,451.10|359,445,058.10
四、汇率变动对现金及现金等价物的影响|1,045,608.74|2,588,662.27
五、现金及现金等价物净增加额|-137,690,581.23|1,111,246,449.04
加：期初现金及现金等价物余额|1,962,910,471.97|851,664,022.93
六、期末现金及现金等价物余额|1,825,219,890.74|1,962,910,471.97
