page|74
项目 附注 2021年度 2020年度|||
一、经营活动产生的现金流量：|||
销售商品、提供劳务收到的现金||365,448,495.73|128,970,592.21
收到其他与经营活动有关的现金|七、78（1）|4,889,167.38|3,340,374.75
经营活动现金流入小计||370,337,663.11|132,310,966.96
page|75
购买商品、接受劳务支付的现金||333,744,394.36|126,685,958.39
支付给职工及为职工支付的现金||18,876,724.75|5,437,918.49
支付的各项税费||1,142,593.15|2,611,400.29
支付其他与经营活动有关的现金|七、78（2）|24,541,983.17|3,123,771.85
经营活动现金流出小计||378,305,695.43|137,859,049.02
经营活动产生的现金流量净额||-7,968,032.32|-5,548,082.06
二、投资活动产生的现金流量：|||
收回投资收到的现金||31,000,000.00|14,891,400.00
取得投资收益收到的现金||27,569.72|0.00
处置固定资产、无形资产和其他长期资产收回的现金净额||0.00|24,401,531.43
处置子公司及其他营业单位收到的现金净额||0.00|0.00
收到其他与投资活动有关的现金|七、78（3）|194,509,172.87|1,345,848.77
投资活动现金流入小计||225,536,742.59|40,638,780.20
购建固定资产、无形资产和其他长期资产支付的现金||4,635,930.28|33,574,856.00
投资支付的现金||29,000,000.00|0.00
支付其他与投资活动有关的现金|七、78（4）|1,160,000,000.00|0.00
投资活动现金流出小计||1,193,635,930.28|33,574,856.00
投资活动产生的现金流量净额||-968,099,187.69|7,063,924.20
三、筹资活动产生的现金流量：|||
取得借款收到的现金||1,165,406,005.35|0.00
筹资活动现金流入小计||1,165,406,005.35|0.00
偿还债务支付的现金||5,406,005.35|0.00
分配股利、利润或偿付利息支付的现金||1,118,155.93|0.00
筹资活动现金流出小计||6,524,161.28|0.00
筹资活动产生的现金流量净额||1,158,881,844.07|0.00
四、汇率变动对现金及现金等价物的影响||-1,293,229.62|0.00
五、现金及现金等价物净增加额||181,521,394.44|1,515,842.14
加：期初现金及现金等价物余额||88,817,665.19|87,301,823.05
六、期末现金及现金等价物余额||270,339,059.63|88,817,665.19
