page|92
一、经营活动产生的现金流量：|||
销售商品、提供劳务收到的现金||1,784,082,412.76|1,346,015,638.49
客户存款和同业存放款项净增加额|||
向中央银行借款净增加额|||
向其他金融机构拆入资金净增加额|||
收到原保险合同保费取得的现金|||
收到再保业务现金净额|||
保户储金及投资款净增加额|||
收取利息、手续费及佣金的现金|||
拆入资金净增加额|||
回购业务资金净增加额|||
代理买卖证券收到的现金净额|||
收到的税费返还||61,764,774.80|35,722,194.28
收到其他与经营活动有关的现金|78|22,323,226.52|19,162,160.24
经营活动现金流入小计||1,868,170,414.08|1,400,899,993.01
购买商品、接受劳务支付的现金||1,448,091,504.73|946,538,731.86
客户贷款及垫款净增加额|||
存放中央银行和同业款项净增加额|||
支付原保险合同赔付款项的现金|||
拆出资金净增加额|||
支付利息、手续费及佣金的现金|||
支付保单红利的现金|||
支付给职工及为职工支付的现金||229,721,572.94|171,416,230.24
支付的各项税费||30,101,090.35|34,753,045.37
支付其他与经营活动有关的现金|78|61,532,293.24|46,022,148.28
经营活动现金流出小计||1,769,446,461.26|1,198,730,155.75
经营活动产生的现金流量净额||98,723,952.82|202,169,837.26
二、投资活动产生的现金流量：|||
收回投资收到的现金||861,320,577.80|1,475,014,679.71
取得投资收益收到的现金||7,552,499.37|11,407,875.94
处置固定资产、无形资产和其他长期资产收回的现金净额||2,216,299.97|202,125.94
处置子公司及其他营业单位收到的现金净额|||
收到其他与投资活动有关的现金|||
投资活动现金流入小计||871,089,377.14|1,486,624,681.59
购建固定资产、无形资产和其他长期资产支付的现金||199,382,445.13|116,306,025.76
投资支付的现金||693,468,788.88|1,449,014,679.71
质押贷款净增加额|||
取得子公司及其他营业单位支付的现金净额|||
支付其他与投资活动有关的现金|||
投资活动现金流出小计||892,851,234.01|1,565,320,705.47
投资活动产生的现金流量净额||-21,761,856.87|-78,696,023.88
三、筹资活动产生的现金流量：|||
吸收投资收到的现金||15,274,650.00|
其中：子公司吸收少数股东投资收到的现金|||
page|93
取得借款收到的现金||56,322,407.36|56,753,250.00
收到其他与筹资活动有关的现金|78|16,550,169.17|9,800,000.00
筹资活动现金流入小计||88,147,226.53|66,553,250.00
偿还债务支付的现金||75,091,475.66|37,441,000.00
分配股利、利润或偿付利息支付的现金||53,494,895.28|42,205,699.41
其中：子公司支付给少数股东的股利、利润|||
支付其他与筹资活动有关的现金|78|53,931,627.42|16,550,169.17
筹资活动现金流出小计||182,517,998.36|96,196,868.58
筹资活动产生的现金流量净额||-94,370,771.83|-29,643,618.58
四、汇率变动对现金及现金等价物的影响||-37,908.82|-376,550.62
五、现金及现金等价物净增加额||-17,446,584.70|93,453,644.18
加：期初现金及现金等价物余额||222,446,383.15|128,992,738.97
六、期末现金及现金等价物余额||204,999,798.45|222,446,383.15
