page|86
一、经营活动产生的现金流量：||
销售商品、提供劳务收到的现金|4,742,690,610.70|4,483,925,813.19
客户存款和同业存放款项净增加额||
向中央银行借款净增加额||
向其他金融机构拆入资金净增加额||
收到原保险合同保费取得的现金||
收到再保业务现金净额||
保户储金及投资款净增加额||
收取利息、手续费及佣金的现金||
拆入资金净增加额||
回购业务资金净增加额||
代理买卖证券收到的现金净额||
收到的税费返还|98,712,615.36|57,086,324.70
收到其他与经营活动有关的现金|66,903,085.10|97,206,673.47
经营活动现金流入小计|4,908,306,311.16|4,638,218,811.36
购买商品、接受劳务支付的现金|3,366,137,642.27|3,307,594,665.83
客户贷款及垫款净增加额||
存放中央银行和同业款项净增加额||
支付原保险合同赔付款项的现金||
拆出资金净增加额||
支付利息、手续费及佣金的现金||
支付保单红利的现金||
支付给职工以及为职工支付的现金|341,366,604.90|299,499,363.08
支付的各项税费|324,789,785.99|169,916,427.71
支付其他与经营活动有关的现金|269,073,804.83|211,992,995.86
经营活动现金流出小计|4,301,367,837.99|3,989,003,452.48
经营活动产生的现金流量净额|606,938,473.17|649,215,358.88
二、投资活动产生的现金流量：||
收回投资收到的现金|725,900,000.00|300,000,000.00
取得投资收益收到的现金|15,266,222.13|10,779,969.31
page|87
处置固定资产、无形资产和其他长期资产收回的现金净额|3,265,756.78|6,419,024.49
处置子公司及其他营业单位收到的现金净额||
收到其他与投资活动有关的现金|1,000,000.00|4,347,000.00
投资活动现金流入小计|745,431,978.91|321,545,993.80
购建固定资产、无形资产和其他长期资产支付的现金|368,174,451.65|190,503,688.21
投资支付的现金|1,315,363,895.19|295,269,723.30
质押贷款净增加额||
取得子公司及其他营业单位支付的现金净额||
支付其他与投资活动有关的现金||4,020,000.00
投资活动现金流出小计|1,683,538,346.84|489,793,411.51
投资活动产生的现金流量净额|-938,106,367.93|-168,247,417.71
三、筹资活动产生的现金流量：||
吸收投资收到的现金|18,000,000.00|11,877,844.52
其中：子公司吸收少数股东投资收到的现金|18,000,000.00|11,877,844.52
取得借款收到的现金|89,615,802.29|435,821,466.08
收到其他与筹资活动有关的现金|339,673,633.09|100,200.00
筹资活动现金流入小计|447,289,435.38|447,799,510.60
偿还债务支付的现金|74,690,731.43|709,845,954.56
分配股利、利润或偿付利息支付的现金|258,549,037.43|138,713,672.89
其中：子公司支付给少数股东的股利、利润||
支付其他与筹资活动有关的现金|26,671,806.34|4,562,243.09
筹资活动现金流出小计|359,911,575.20|853,121,870.54
筹资活动产生的现金流量净额|87,377,860.18|-405,322,359.94
四、汇率变动对现金及现金等价物的影响|4,745,849.47|9,143,571.43
五、现金及现金等价物净增加额|-239,044,185.11|84,789,152.66
加：期初现金及现金等价物余额|771,525,445.55|686,736,292.89
六、期末现金及现金等价物余额|532,481,260.44|771,525,445.55
