page|64
项目|附注|2021 年 12 月 31 日|2020 年 12 月 31 日
流动资产：|||
货币资金|五、1|846,648,274.92|760,822,571.50
交易性金融资产|||
衍生金融资产|||
应收票据|五、2|31,716,316.67|14,735,745.50
应收账款|五、3|462,280,066.60|323,945,984.05
应收款项融资|五、4|21,780,207.84|30,539,943.74
预付款项|五、5|70,972,178.41|87,271,476.89
其他应收款|五、6|9,593,048.52|3,652,291.62
其中：应收利息|||
应收股利|||
存货|五、7|415,623,824.90|334,087,076.39
合同资产|||
持有待售资产|||
一年内到期的非流动资产|||
其他流动资产|五、8|261,949,267.91|402,565,412.19
流动资产合计||2,120,563,185.77|1,957,620,501.88
非流动资产：|||
债权投资|||
其他债权投资|||
长期应收款|||
长期股权投资|||
其他权益工具投资|五、9|7,834,962.56|8,720,653.98
其他非流动金融资产|||
投资性房地产|||
固定资产|五、10|163,632,253.91|184,478,842.52
在建工程|五、11|727,818,066.73|608,170,616.20
生产性生物资产|||
page|65
油气资产|||
使用权资产|五、12|6,900,203.93|
无形资产|五、13|152,723,653.00|156,495,121.55
开发支出|||
商誉|||
长期待摊费用|五、14|566,204.41|519,636.71
递延所得税资产|五、15|17,957,058.53|22,929,202.47
其他非流动资产|五、16|107,907,306.39|20,000,000.00
非流动资产合计||1,185,339,709.46|1,001,314,073.43
资产总计||3,305,902,895.23|2,958,934,575.31
流动负债：|||
短期借款|五、17|322,947,691.94|264,917,141.66
交易性金融负债|||
衍生金融负债|||
应付票据|五、18|475,265,621.12|347,269,151.75
应付账款|五、19|173,206,265.68|153,041,423.19
预收款项|||
合同负债|五、20|33,433,470.47|44,517,416.94
应付职工薪酬|五、21|120,111,791.96|115,449,016.65
应交税费|五、22|13,101,701.68|9,455,013.84
其他应付款|五、23|111,479,822.38|102,397,301.32
其中：应付利息|||
应付股利|||
持有待售负债|||
一年内到期的非流动负债|五、24|63,597,355.92|70,095,372.22
其他流动负债|五、25|245,000,322.34|131,510,954.47
流动负债合计||1,558,144,043.49|1,238,652,792.04
非流动负债：|||
长期借款|五、26|205,376,484.60|205,000,377.59
应付债券|||
其中：优先股|||
永续债|||
租赁负债|五、27|1,119,663.05|
长期应付款|||
长期应付职工薪酬|||
预计负债|||
递延收益|五、28|77,460,000.00|73,460,000.00
递延所得税负债|五、15|1,025,244.38|1,158,098.10
其他非流动负债|||
非流动负债合计||284,981,392.03|279,618,475.69
负债合计||1,843,125,435.52|1,518,271,267.73
所有者权益（或股东权益）：|||
实收资本（或股本）|五、29|245,090,000.00|245,090,000.00
其他权益工具|||
其中：优先股|||
永续债|||
资本公积|五、30|840,369,036.53|840,369,036.53
page|66
减：库存股|||
其他综合收益|五、31|5,809,718.18|6,562,555.88
专项储备|五、32||
盈余公积|五、33|76,615,187.59|73,421,655.61
未分配利润|五、34|294,893,517.41|275,220,059.56
所有者权益（或股东权益）合计||1,462,777,459.71|1,440,663,307.58
负债和所有者权益（或股东权益）总计||3,305,902,895.23|2,958,934,575.31
page|67
填列）|||
减：所得税费用|五、47|4,972,143.94|4,515,697.66
四、净利润（净亏损以“－”号填列）||31,031,669.62|30,186,596.35
（一）持续经营净利润（净亏损以“－”号填列）||31,031,669.62|30,186,596.35
（二）终止经营净利润（净亏损以“－”号填列）|||
五、其他综合收益的税后净额||-752,837.70|5,512,555.88
（一）不能重分类进损益的其他综合收益||-752,837.70|5,512,555.88
1.重新计量设定受益计划变动额|||
2.权益法下不能转损益的其他综合收益|||
3.其他权益工具投资公允价值变动||-752,837.70|5,512,555.88
4.企业自身信用风险公允价值变动|||
（二）将重分类进损益的其他综合收益|||
1.权益法下可转损益的其他综合收益|||
2.其他债权投资公允价值变动|||
3.金融资产重分类计入其他综合收益的金额|||
4.其他债权投资信用减值准备|||
5.现金流量套期储备|||
6.外币财务报表折算差额|||
7.其他|||
六、综合收益总额||31,036,385.43|30,186,596.35
七、每股收益：|||
（一）基本每股收益(元/股)||0.1266|0.1232
（二）稀释每股收益(元/股)||0.1266|0.1232
page|68
经营活动现金流入小计||1,459,256,959.03|1,475,917,785.88
购买商品、接受劳务支付的现金||892,437,617.84|934,963,280.00
支付给职工及为职工支付的现金||300,035,114.69|281,266,520.93
支付的各项税费||83,516,960.05|75,133,526.91
支付其他与经营活动有关的现金|五、48|176,745,695.01|148,073,606.98
经营活动现金流出小计||1,452,735,387.59|1,439,436,934.82
经营活动产生的现金流量净额||6,521,571.44|36,480,851.06
二、投资活动产生的现金流量：|||
收回投资收到的现金||959,640,986.40|560,000,000.00
取得投资收益收到的现金||9,055,703.17|10,189,705.94
处置固定资产、无形资产和其他长期资产收回的现金净额||38,900.00|-
处置子公司及其他营业单位收到的现金净额|||
收到其他与投资活动有关的现金|||
投资活动现金流入小计||968,735,589.57|570,189,705.94
购建固定资产、无形资产和其他长期资产支付的现金||216,720,959.96|163,084,407.09
投资支付的现金||690,000,000.00|560,000,000.00
取得子公司及其他营业单位支付的现金净额|||
支付其他与投资活动有关的现金|||
投资活动现金流出小计||906,720,959.96|723,084,407.09
投资活动产生的现金流量净额||62,014,629.61|-152,894,701.15
三、筹资活动产生的现金流量：|||
吸收投资收到的现金|||
取得借款收到的现金||428,048,688.60|468,584,070.79
收到其他与筹资活动有关的现金||1,817,166.54|
筹资活动现金流入小计||429,865,855.14|468,584,070.79
偿还债务支付的现金||382,897,569.24|295,102,666.65
分配股利、利润或偿付利息支付的现金||35,765,176.17|20,793,952.55
支付其他与筹资活动有关的现金|五、48|5,730,391.02|
筹资活动现金流出小计||424,393,136.43|315,896,619.20
筹资活动产生的现金流量净额||5,472,718.71|152,687,451.59
四、汇率变动对现金及现金等价物的影响||-4,139,658.17|
五、现金及现金等价物净增加额||69,869,261.59|36,273,601.50
加：期初现金及现金等价物余||614,335,337.15|578,061,735.65
