page|51
项目|附注|2020 年 12 月 31 日|2019 年 12 月 31 日
流动资产：|||
货币资金||637,330,153.88|146,743,692.96
交易性金融资产|||
衍生金融资产|||
应收票据||1,314,776,922.49|886,310,740.60
应收账款||844,094,371.51|430,473,267.42
应收款项融资|||
预付款项||47,385,518.97|16,753,012.91
其他应收款||42,500.00|252,045,000.00
其中：应收利息|||
应收股利|||252,000,000.00
存货||352,731,251.38|273,104,533.56
合同资产|||
持有待售资产|||
一年内到期的非流动资产|||
其他流动资产|||
流动资产合计||3,196,360,718.23|2,005,430,247.45
非流动资产：|||
债权投资|||
其他债权投资|||
长期应收款|||
长期股权投资||1,129,007,092.94|1,118,928,155.65
其他权益工具投资|||
其他非流动金融资产|||
投资性房地产||33,251,783.45|35,409,741.80
固定资产||443,175,906.47|529,661,698.05
在建工程||42,498,128.23|41,945,496.88
生产性生物资产|||
油气资产|||
使用权资产|||
无形资产||77,816,901.02|49,924,703.50
开发支出||143,469,742.14|184,098,248.38
商誉|||
长期待摊费用|||
递延所得税资产|||
其他非流动资产||11,840,933.84|
非流动资产合计||1,881,060,488.09|1,959,968,044.26
资产总计||5,077,421,206.32|3,965,398,291.71
流动负债：|||
短期借款||400,000,000.00|430,000,000.00
page|52
交易性金融负债|||
衍生金融负债|||
应付票据||1,340,660,134.50|632,204,555.98
应付账款||1,136,609,105.48|762,679,695.79
预收款项||777,834.57|14,651,561.34
合同负债||8,032,870.06|
应付职工薪酬||56,773,947.24|51,659,617.10
应交税费||5,433,279.49|8,018,776.97
其他应付款||138,674,680.05|110,686,325.44
其中：应付利息||239,722.22|538,385.00
应付股利|||
持有待售负债|||
一年内到期的非流动负债|||
其他流动负债||1,044,273.11|
流动负债合计||3,088,006,124.50|2,009,900,532.62
非流动负债：|||
长期借款|||
应付债券|||
其中：优先股|||
永续债|||
租赁负债|||
长期应付款|||
长期应付职工薪酬|||
预计负债||26,131,193.31|26,567,686.58
递延收益||39,769,850.00|45,907,383.33
递延所得税负债|||
其他非流动负债|||
非流动负债合计||65,901,043.31|72,475,069.91
负债合计||3,153,907,167.81|2,082,375,602.53
所有者权益（或股东权益）：|||
实收资本（或股本）||462,080,000.00|462,080,000.00
其他权益工具|||
其中：优先股|||
永续债|||
资本公积||861,144,267.94|860,969,811.48
减：库存股|||
其他综合收益|||
专项储备||9,729,817.36|8,682,381.53
盈余公积||242,230,517.39|242,230,517.39
未分配利润||348,329,435.82|309,059,978.78
所有者权益（或股东权益）合计||1,923,514,038.51|1,883,022,689.18
负债和所有者权益（或股东权益）总计||5,077,421,206.32|3,965,398,291.71
page|53
项目|附注|2020 年度|2019 年度
一、营业收入||3,385,196,029.28|1,939,226,217.50
减：营业成本||2,938,222,094.56|1,653,171,147.53
税金及附加||14,351,437.99|11,213,486.58
销售费用||57,055,251.16|58,126,305.11
管理费用||193,632,798.71|150,633,731.51
研发费用||98,162,156.13|26,444,573.23
财务费用||9,595,549.41|17,836,849.61
其中：利息费用||9,272,094.14|17,781,068.80
利息收入||960,101.42|684,043.20
加：其他收益||13,649,994.85|11,119,506.13
投资收益（损失以“－”号填列）||8,284,374.69|-10,201,034.78
其中：对联营企业和合营企业的投资收益||9,904,480.83|-10,201,034.78
以摊余成本计量的金融资产终止确认收益||-1,620,106.14|
净敞口套期收益（损失以“-”号填列）|||
公允价值变动收益（损失以“－”号填列）|||
信用减值损失（损失以“-”号填列）||-21,042,382.14|-19,716,741.38
资产减值损失（损失以“-”号填列）||-37,933,579.67|478,635.06
资产处置收益（损失以“－”号填列）||2,105,431.41|6,495,027.05
二、营业利润（亏损以“－”号填列）||39,240,580.46|9,975,516.01
加：营业外收入||297,965.25|760,901.17
减：营业外支出||269,088.67|157,980.53
三、利润总额（亏损总额以“－”号填列）||39,269,457.04|10,578,436.65
减：所得税费用|||
四、净利润（净亏损以“－”号填列）||39,269,457.04|10,578,436.65
（一）持续经营净利润（净亏损以“－”号填列）||39,269,457.04|10,578,436.65
（二）终止经营净利润（净亏损以“－”号填列）|||
五、其他综合收益的税后净额|||
（一）不能重分类进损益的其他综合收益|||
1.重新计量设定受益计划变动额|||
2.权益法下不能转损益的其他综合收益|||
3.其他权益工具投资公允价值变动|||
4.企业自身信用风险公允价值变动|||
（二）将重分类进损益的其他综合收益|||
1.权益法下可转损益的其他综合收益|||
2.其他债权投资公允价值变动|||
page|54
3.金融资产重分类计入其他综合收益的金额|||
4.其他债权投资信用减值准备|||
5.现金流量套期储备|||
6.外币财务报表折算差额|||
7.其他|||
六、综合收益总额||39,269,457.04|10,578,436.65
七、每股收益：|||
（一）基本每股收益(元/股)||0.0850|0.0229
（二）稀释每股收益(元/股)||0.0850|0.0229
page|55
项目|附注|2020年度|2019年度
一、经营活动产生的现金流量：|||
销售商品、提供劳务收到的现金||2,816,470,911.87|1,698,020,211.27
收到的税费返还||4,616,563.39|
收到其他与经营活动有关的现金|（四十六）1、|14,914,805.15|14,225,703.26
经营活动现金流入小计||2,836,002,280.41|1,712,245,914.53
购买商品、接受劳务支付的现金||2,259,033,636.83|1,271,380,628.12
支付给职工及为职工支付的现金||304,579,598.89|274,302,928.39
支付的各项税费||104,944,843.50|67,913,975.14
支付其他与经营活动有关的现金|（四十六）2、|69,092,813.97|73,736,769.57
经营活动现金流出小计||2,737,650,893.19|1,687,334,301.22
经营活动产生的现金流量净额||98,351,387.22|24,911,613.31
二、投资活动产生的现金流量：|||
收回投资收到的现金|||
取得投资收益收到的现金||252,000,000.00|
处置固定资产、无形资产和其他长期资产收回的现金净额||818,584.06|15,248,622.10
处置子公司及其他营业单位收到的现金净额|||
收到其他与投资活动有关的现金|||
投资活动现金流入小计||252,818,584.06|15,248,622.10
购建固定资产、无形资产和其他长期资产支付的现金||66,026,439.55|47,971,732.54
投资支付的现金|||
取得子公司及其他营业单位支付的现金净额|||
支付其他与投资活动有关的现金|||
投资活动现金流出小计||66,026,439.55|47,971,732.54
投资活动产生的现金流量净额||186,792,144.51|-32,723,110.44
三、筹资活动产生的现金流量：|||
吸收投资收到的现金|||
取得借款收到的现金||500,000,000.00|430,000,000.00
收到其他与筹资活动有关的现金|||
筹资活动现金流入小计||500,000,000.00|430,000,000.00
偿还债务支付的现金||530,000,000.00|430,000,000.00
分配股利、利润或偿付利息支付的现金||14,807,070.81|17,622,615.05
支付其他与筹资活动有关的现金|||
筹资活动现金流出小计||544,807,070.81|447,622,615.05
筹资活动产生的现金流量净额||-44,807,070.81|-17,622,615.05
